150772
48936
33694
864267
361198
153722
489121
300638
47003
118135
254255
253446
50757
88733
94718
74639
62115
99994
680
344591
8706
265653
7848
7879
109324
204140
198585
11074
220305
87694
35390
17038
19969
79257
112570
45219
1371416
62353
107426
19968
125440
257365
20228
758954
78451
10036
335440
323757
323249
66762
92529
393993
10241
10220
1485731
66741
10728
45902
10635
60596
262627
155308
237030
100757
194606
310693
210868
421406
315783
26923
319481
22909
33898
232426
905223
30110
186561
625862
152580
38952
1013959
154466
261011
256865
122663
356178
142643
199240
226840
279440
604407
166846
607809
338602
266642
143582
41330
94432
74673
144192
351730
683203
23536
40874
3226120
386831
666215
42398
43607
3341828
12107
235846
189444
150711
152667
174900
574172
18993
190397
17803
58711
20255
765106
11726
216036
2738214
155706
600763
157395
18586
349
828710
219261
307961
185837
349506
245132
218184
39601
56615
137223
41499
850585
455341
114021
104334
416730
911841
46101
552883
31581
93921
249921
55252
269034
472333
499124
895416
22834
1224440
9676
448924
2789
449206
80408
31062
31040
102662
530356
284862
150768
283667
91
934
138587
586851
132153
406420
95130
13799
205959
387584
430051
678672
213
1281243
261170
36263
87730
582182
684353
1168104
6026
793403
283801
38931
28437
54182
943351
112427
556762
78494
259855
85318
173771
211103
6721
5430
110404
82739
24838
537062
242180
240670
171424
8085
51368
177803
238166
157414
156527
81118
221670
48735
759808
235760
688855
130718
3217
212804
585139
119691
24161
575732
980034
374334
469694
465818
206248
55915
58633
73400
315284
1490652
155613
993886
30872
169500
1921623
37005
334489
95045
109939
789385
13308
439921
5492954
275821
407285
90461
199767
409244
318025
387531
47626
441842
425746
101434
99805
481113
1462479
90585
191303
467182
226525
833368
140220
100471
589396
259223
238490
96556
361995
597967
347025
7532
471532
30921
768331
279296
918672
532756
201436
128781
123144
195758
378938
403445
10097
150067
980446
136630
1560760
68035
200056
155410
78306
608063
43503
36879
51911
410654
213436
1464241
172366
105996
58129
47381
19218
228620
13414
131913
240121
770431
213799
169915
2984983
106666
108290
78114
187407
46020
519564
134761
33428
33319
224392
29570
22155
85344
39011
93684
36851
838549
194654
125077
181538
96226
115092
146104
148769
63323
398777
102628
244874
5062
19819
19810
40603
40747
644750
1013744
75459
36599
26324
138603
91436
11607
757805
192981
60440
587618
32417
269442
2822
343448
615913
500431
746940
1491248
383601
259617
45523
558191
546248
565365
230337
413583
384051
71925
260242
14337
456327
268850
166533
165525
493854
235687
91821
388748
189511
228349
206277
254041
366752
204767
92529
518853
79258
707859
23499
101438
110355
420934
865821
91696
38594
183531
89575
16122
435625
98232
135191
24016
79536
844625
288411
328714
171185
406559
426078
178231
28294
65566
123601
47647
126011
56004
70139
35392
360832
20861
79492
504884
12237
313675
538329
41439
339728
267942
104354
658192
481008
36152
685186
251260
251260
293295
54011
54017
165765
442817
85552
77336
234501
844720
237935
47254
112409
386399
628614
39115
162907
8902
333325
195367
51386
333912
448356
310763
142583
74255
381078
113268
5096274
166808
321428
151513
114163
152259
673713
61295
131865
230020
206489
236379
1244415
418528
1400528
439199
107522
631207
16823
2543991
1152525
1605363
117990
126701
156183
408877
364669
165414
148502
90298
80177
181617
388146
59368
53996
221918
132105
80951
176906
251800
132290
251756
100992
302698
152543
144534
3123297
19720
740514
3172
281
1695
191558
132450
978895
958
246436
169572
285197
165297
1539880
507759
701561
99660
70758
309054
94912
257165
840601
86987
110681
17764
2499785
80708
401581
347886
317226
85115
549519
101560
1185642
265023
23172
158550
507128
170597
399563
2479
231937
128350
74454
202019
1000285
44290
71990
60030
537013
140928
149480
53022
5053854
574879
1232154
116011
12871
352404
35381
296147
92531
27393
3406
158152
81455
219569
157495
71237
67682
100138
697528
10545
110381
933238
548313
103983
141487
313963
668101
230407
1156
61987
33209
575804
149402
108755
281457
664142
456055
34600
118729
344045
687303
260814
792423
220553
145974
11457
275058
82908
280853
297304
382540
148208
7875
130359
255465
102215
149191
27641
132140
184994
264780
185458
46544
218999
203643
93749
309394
245619
7780
44351
187147
240738
40331
428817
144930
69099
60172
211170
104464
328620
19991
343160
34227
23200
285577
82143
25840
433650
80637
381497
29906
240811
1015302
166911
139939
28184
109305
469126
136820
480750
562879
109421
47022
600552
27202
125280
5063
1090941
6257
61206
233410
697198
170628
649282
842731
97182
856819
349185
91378
239391
3181
226685
128243
34262
50720
138423
339514
47300
436613
471329
12730
229944
475233
610257
109978
123195
181925
98326
32263
25780
16776
102382
33213
16052
452597
41341
291294
104801
164141
475879
62712
5068
111411
120885
1075782
299490
561640
209411
252185
118248
241328
131551
491650
425103
895386
170217
313647
39705
11044
135405
70105
66501
252957
129357
550955
106266
103509
23353
7246
45993
31287
93799
184787
30014
266987
112466
249726
202491
45983
118830
89418
29925
82193
439142
374708
190169
29516
56998
937121
8610
236453
667988
12636
363832
26306
745392
133409
787541
195221
182681
1261782
212055
341245
2528569
224337
332991
610873
39119
130660
108518
178813
99850
687971
236545
75359
130626
7559
264144
181649
36847
281241
72592
2992795
378575
298115
112627
67606
385460
59787
10520
11052
124920
578314
913803
20100
22429
75466
1318027
148340
17630
487207
382186
224301
8124
520896
41956
91241
137123
270397
48260
10021
3671
498533
913235
81591
54163
3965
953920
840475
494320
256339
366078
301837
136477
70199
334349
132416
296842
640687
424641
208853
49162
677763
430799
2589661
406285
82179
170636
555628
192059
190506
333417
550992
232784
105859
72623
148899
137469
232357
47284
42473
10502
7578
203757
162055
30850
240249
136056
11755
6807
1733
385074
56988
102593
50025
20228
173061
26085
186984
194381
22539
260064
664119
54381
91668
69590
111873
136912
59641
35659
43160
58066
568803
571356
320462
305803
131660
28903
192656
107476
71986
572831
11101
693
557585
126881
46473
82381
960338
13581
213574
28581
79669
13887
252516
51471
580170
534891
21881
31555
344023
31477
176914
784312
350086
247849
20828
139064
426961
231973
817393
117646
8518
716178
1078233
152928
237109
208716
411796
283356
266798
41546
2366
114831
48842
67346
150752
44064
325684
325714
7088
298608
98974
41299
288463
480231
280443
7315
110018
305291
63951
798012
430368
63122
56562
6236
172028
117290
177819
44730
10464
722551
18325
80743
520
145237
210613
386990
179189
217252
55091
1494092
99767
145012
13926
5199
903104
632939
574673
506427
20237
1057241
269625
309044
72366
364852
331826
92120
184293
72684
177180
2456765
67595
97884
135391
80850
27558
35144
160685
39420
122996
256825
591932
180879
521043
243104
766349
6060
133285
310166
213075
89127
147186
25789
342667
341926
231004
109968
5199
107867
315873
90155
306302
139622
110403
36580
202993
320973
94053
55637
1385
56856
2592
19530
378220
50982
19420
175774
739775
208834
288396
13869
89338
615883
203493
167517
135875
380520
4239
404771
19420
202694
194003
423319
52467
48876
278871
15997
275121
252904
334652
97339
217267
751175
108471
102980
10402
549792
159321
241468
197461
409372
233123
104188
113002
1381881
216936
39048
118170
18113
181045
189837
287665
80125
196898
332078
78299
247288
108312
7294
8901
200500
11405
66505
78299
256136
15703
522109
356506
145024
144292
468947
568234
73426
106908
76277
1031241
50445
455136
710533
257426
113460
41060
25834
153620
156036
218730
265614
55939
100021
692924
704204
156397
10318
177605
28147
528558
120315
1777252
418804
13144
275718
328598
33860
106703
223714
24831
172082
247901
176645
277385
1079337
64140
111005
66151
152545
301958
2192513
585094
171621
256157
38144
112188
17941
236890
65894
160229
455277
2495527
1549759
29607
865188
821941
136555
268483
141263
3222
298972
1108163
1164992
1727
52782
574604
136287
128951
4928
395273
45841
33609
93478
337779
191529
10857
338297
420509
366797
106612
26731
322513
328810
18448
199983
433124
1363899
1022508
175784
291046
830303
111452
438313
758585
56403
260826
10123
156116
127681
281684
390021
110541
23227
414732
300655
30428
182431
70212
139544
82091
21033
123028
161995
152546
17076
943098
4744342
22942
289053
153620
314787
235806
596151
81839
475791
278872
357309
120031
255281
81325
90521
1253074
53482
518624
26124
27105
416773
223395
64413
337826
340879
558742
81790
77702
121511
137642
290897
573117
15908
189042
15932
94655
1285690
230742
744182
198953
32227
263965
38151
346251
45134
930759
391588
63122
2263667
39657
17398
127508
282803
83588
262202
4764
16177
18430
67308
120763
78862
68089
399468
65614
29210
105529
4246
124428
3511
564330
135444
18742
230810
591772
25571
29660
96509
13754
46676
773337
150089
63406
72299
23379
48684
367494
284646
22181
645496
236325
129400
21824
41064
32520
118507
68256
49143
349020
232542
74027
663388
33429
89267
86614
119390
48644
125411
413458
59055
221413
257059
38634
801858
142181
101679
594210
103590
977147
142625
1094441
9595
269689
167420
125281
6198
11138
5966
236591
42663
223845
250843
734813
142249
21891
239521
197820
221792
15160
15801
1601
472978
99419
21555
24985
21287
361023
52837
91660
63240
193455
56960
348114
10672
213709
5169
34867
134363
766
9951
461
570141
48852
706595
47705
21173
474286
25465
61105
28115
17418
2993
28845
1545375
231785
126560
372
77
67460
93429
778
119577
121274
220826
466398
79312
234095
72412
362356
435939
16938
499258
352578
714185
77833
34866
294681
893091
362603
264
800427
1907
71688
812242
68610
191647
155817
130779
46282
190139
520
727585
123697
34136
214081
881813
214080
57869
252177
252378
37594
40281
263349
57231
83296
177785
134869
296997
255410
119167
113397
400884
286272
33627
115178
12139
21128
1384502
104272
176558
70314
160345
292030
100570
44538
103086
38796
41619
74886
58383
631775
953849
271025
54936
277223
55818
280378
3964
84884
18727
21876
231268
96897
226743
108212
207641
316527
574937
208952
5230
142607
77409
266389
576492
35260
4979
106768
109519
151161
115123
377232
100279
106376
159875
351387
7191
1930781
345023
11030
240995
8365
3626
201654
243852
200893
2967901
514011
122906
51754
1182888
833028
112627
218387
106132
123392
669265
540743
31411
8229
32942
68995
68374
171801
651189
189919
156204
286098
103432
331903
653987
1302874
218921
175691
71042
285334
1097
1330813
263853
855129
298676
351861
602106
127971
53549
132330
113774
43236
232368
1464726
307488
76440
98470
89106
337927
34194
1328005
564985
12846
63549
47020
1035733
748323
12685
546
218434
29335
27067
23368
27956
154919
35606
93359
342493
4361
32128
223435
918285
197344
865486
115130
308976
522432
50065
49586
19675
271423
658395
97352
137729
1997407
386361
4789
142761
108515
510861
179954
249109
688498
136172
41740
122950
68348
603682
34293
47505
1674786
139843
70611
110967
34532
264566
10778
406153
478559
30460
39445
854881
56803
266407
138634
89544
307263
328763
199442
45467
88955
153847
411169
80970
65433
230950
166437
3786
85240
55734
24769
151740
1201799
180171
31963
27018
27010
95505
312514
52745
204192
116422
230710
227322
658171
176013
242650
23312
90739
229489
11274
222192
196234
678688
383729
520393
439244
137484
35316
117584
606688
212211
1962748
9818
129146
2950483
702883
24777
398273
241248
61989
89933
215560
454470
316216
88206
163931
560601
526703
585188
234188
235250
1008279
71392
3467338
39545
9304
33503
260430
114895
138610
255204
405711
32951
890386
26484
163494
5139
342922
219869
224861
988341
170625
25031
105472
11849
189110
53231
225008
308902
62689
121630
21987
145332
301582
482277
10316
331064
30014
145301
279107
48515
50248
110349
514326
279457
43887
60928
118707
531068
575766
212763
19522
6349
534801
623321
265500
548431
6361
387637
19473
200930
408288
430886
6108
944
249625
129489
70370
25131
35667
56567
1382
607256
162663
52174
360672
35824
44745
196357
407061
749322
586644
549503
64317
2690057
86669
52240
29050
61762
328216
48246
963008
693074
238031
72122
84408
715841
345460
14951
126448
515773
1502376
134287
1045895
267714
306788
94778
393053
34468
793212
156180
60873
318929
35050
234700
96432
78581
70625
34463
326949
73908
821596
44285
19312
180558
491890
349508
611475
21463
29071
20470
708084
49032
262956
180233
93106
70775
529808
79093
800065
47785
204398
419799
4543
78428
582694
40105
596235
665006
358348
329022
47167
151026
68839
123270
228644
252679
39111
5416
245256
129593
135519
554833
13511
47520
205735
280973
118964
483958
18782
223415
161734
115342
577126
72155
91100
1925
478737
35430
52015
354745
176887
299462
86489
58168
6096
91897
35810
191294
159161
15158
173369
304501
309220
31145
123747
33733
25446
54765
75051
203450
290661
4727
135354
433621
33745
624687
30235
242641
109554
161414
133399
13719
127426
5415846
83259
32068
202374
263594
16129
345776
61159
353047
215875
83768
175213
259084
125972
88816
31577
10842
57499
57499
95057
436584
133520
32477
176685
344531
107047
243548
1068
33197
96186
193014
103750
98192
399327
608829
218911
191879
109832
228868
278292
85078
94906
68323
431599
331887
19382
517136
148285
292790
4316
38777
109069
15721
5480
12477
72787
85526
800
206319
12475
96659
108885
277535
343416
333318
86981
182090
777871
584853
16916
2985
43163
323907
243998
30542
604910
198188
180620
993347
56144
516546
54366
223760
23745
425959
203396
94880
36963
11873
388884
67792
13230
13310
5095
235702
258567
735356
76538
28729
80011
37787
202596
53083
345567
31081
45714
395995
18711
141842
82623
88363
9468
62574
256131
192853
373707
21613
124953
240722
21180
230936
219241
486582
1017970
408616
78345
21380
68507
380547
129394
33514
626040
1588640
59547
198500
315212
136414
120680
59208
324102
344656
937438
602815
93746
36652
44317
170717
118369
944200
291649
541011
267091
382294
29915
315177
72123
117731
15885
390335
285521
434979
836921
380062
664521
517560
37678
830535
277900
62928
132083
66742
84619
14505
17568
17535
52652
440749
393364
9752
1216287
350582
80748
95887
516974
13782
29885
25707
5466
532807
424912
73458
74682
520674
13137
1776569
559842
104233
105493
359776
283610
867404
683310
461769
774590
906732
426053
182092
37682
99097
218250
37573
1251129
690616
33325
16221
224126
206734
94613
40841
198637
198615
76595
1105239
66542
10099
89154
4451
107244
22517
1067811
56190
79910
47918
285674
792362
177877
73685
326523
246915
290819
51080
158244
26416
109111
12244
91996
227036
176770
251641
73053
144755
258045
75237
275646
180517
152853
10870
131912
11228
33854
68919
108183
192477
703
1260713
426016
37124
25046
335781
142554
789739
109714
66294
65085
97019
2764
1128063
171849
544
186552
90632
11544
1691294
101891
45496
109
8428
15043
131926
202822
12767
1075475
71418
5182
203358
357744
48862
466012
448536
92600
128081
311828
48385
60735
100579
689798
1466745
95122
40226
556290
1434645
80200
151422
236985
328038
384
30455
232567
740354
196333
140431
122795
10902
221049
422323
274703
113410
120553
350296
150565
145872
257387
796
197942
332075
877476
143833
510428
166130
273376
568308
48322
177360
182392
35242
3492
167327
766014
24422
161160
31167
64514
36138
66656
13851
605673
95940
409005
385500
18153
18293
5207
330540
131868
190833
849270
23777
1024188
36178
34639
168687
161592
2694028
1102624
1940
70407
135854
156653
28818
38220
68595
33613
155966
184824
530850
804173
166118
237892
291253
298246
37578
187118
270897
97085
990
494758
59837
46812
47389
189932
237308
42916
551017
67843
1192705
112505
105545
39512
138141
158737
20476
143145
1027586
293571
45848
421488
50678
731518
278177
190733
68122
207561
138863
29849
166334
77003
748141
443936
347211
1353870
139195
378593
1678080
2292
156386
779855
5205
68039
77185
43493
113820
879471
275057
873786
307788
208746
396643
24688
1187866
3197822
288453
329409
114938
432955
466189
234051
21817
708762
683370
353462
178183
39271
741174
158687
33233
154430
59071
131960
156629
23719
31088
57138
236949
332360
50778
477616
277523
76280
29186
96910
196850
70403
201177
204814
417417
492658
161480
62516
700263
196349
1244608
79609
24735
30265
105465
23604
37795
408625
165171
93396
148254
30569
130000
51711
16166
390660
291169
8134
124340
377671
606674
300059
362409
48643
33047
235504
8452
123712
92808
23749
30695
70339
73757
47703
46347
68182
186424
58323
222599
68296
243594
46977
610241
608502
120742
3157
47408
100613
63149
2852314
267058
284583
256027
2077935
798244
316372
293385
153862
141264
179184
86252
152417
238654
18146
534240
152239
167698
110059
68740
96387
616699
201033
452807
417876
5166
95371
124920
414349
517104
2263343
1563387
42026
155501
75076
1342562
280973
86898
267172
82402
247344
283538
666977
244786
568639
545692
324323
275922
94369
53763
272593
2615946
325779
134757
62198
398609
160574
206192
45491
445416
676589
168544
104573
1083207
56920
263101
1136797
202580
55994
724
724
75447
113421
3822
168845
521541
26577
47263
50524
60713
228281
103322
69807
11977
45062
183526
221297
7105
209847
26146
99743
131487
1208670
642172
189088
149404
180889
45194
162462
82766
14294
796742
64796
13351
118567
937592
1081892
179293
244738
765372
618767
62757
131281
39456
5205
17883
32689
397038
291253
296134
10857
468368
290006
145033
111213
311384
20157
20158
164294
188351
419701
291683
268971
385123
402038
128890
110837
113846
34587
416131
345935
113018
434760
138905
271329
70874
133977
79914
179403
1082298
36138
123639
1172383
78265
98489
256072
456850
622923
59349
58582
658713
154792
88315
309174
3756
192817
46337
446957
37714
135040
16419
274920
856372
79384
112141
75532
24808
330103
395245
26938
150105
219767
35809
1087301
226511
582715
210198
134800
80386
74700
689099
43144
98812
6803
88746
63834
78306
98811
180557
311663
120023
311680
233622
79031
9600
223999
30132
378933
668231
228423
45920
178451
179491
2693346
180889
648031
526214
1007974
353699
22434
64150
197447
587623
1430544
29912
42323
275854
27532
376114
208479
1321948
35638
206085
81428
399839
269156
114709
204935
362311
981105
32147
221130
35865
96166
44151
43172
133151
106804
883636
194824
439155
225218
321478
564628
1939557
566977
665722
82384
82395
665722
22953
230527
452690
69552
255449
68825
84347
134389
134388
604414
156739
118977
27564
254548
63885
13120
130587
9984
57925
246531
273722
294248
14616
210679
108060
265011
2049510
203513
441688
217932
380615
19335
443614
96045
286613
26467
51794
49863
399573
628636
70034
409600
247336
50748
543571
29886
1530
46148
125927
13023
36215
251896
142249
7276
280602
226954
135857
458616
32943
127573
25603
79447
628996
186908
217704
217545
334570
383472
95773
23853
309134
318886
42700
190813
161517
471369
34161
810320
13268
780063
448171
323549
2130164
820479
170335
13702
277755
66233
1031319
15871
160581
278280
321279
21743
30733
123808
680939
78147
883601
29456
179623
21743
24066
202043
342769
71684
120686
123790
86013
342990
216220
6898
217256
19118
311505
91640
141467
14405
116805
292174
123363
44780
93595
63780
104243
448237
1079094
40249
1079094
37165
59232
232905
85669
127789
54286
347208
465423
77997
151545
552603
36712
282107
282107
81781
6739
19028
795110
280895
36122
10571
63885
216568
355205
23794
45950
199950
214027
101206
161703
347620
94006
36650
702151
78632
41083
147788
20357
616821
53606
108179
218052
64334
659293
403503
49387
49228
173221
332523
144004
570465
887605
415522
325675
45340
55993
319262
248215
313598
319263
20323
1598950
183743
95101
173799
169392
132781
148540
86025
1654051
121300
45929
102597
244752
82566
112608
151805
6979
57776
81941
137308
4454
104803
451267
282105
184466
670117
140171
217718
353231
32860
25657
63994
7139
88477
11227
4591
150611
76802
45301
401016
328875
11046
569102
2781
62276